修正清單:
 4301004
 4321006
 4311003
 4331000
 4341002
 35001003
 33101215
 23111003
 80001916
 23101001
 80001910
 23121003
 31101001
 5111009
 24111006
 51101006
 61121102
 61121203
 65101001
 61101101
 61111217
 31211002
 31201000
 31201007
 31201008
 31201009
 31201010
 15101021
 15111021
 36111001
 13001021
 100001266
 11121102
 11101220
 11101120
 11121202
 33111010
 131001104
 101101200
 101111200
 101110200
 101110202
 1311012
 1211012
 1111012
 80001340
 32111015
 80001417
 80001817
 80001818
 80001828
 80001825
 80001846
 25101205
 30001068
 14001024
 80001593
 1100012
 37101001
 37100002
 37111003
 37110004
 400051004
 400031018
 400031019
 112101004
 112101007
 112100012
 5711020
 5721062
 5701011
 5701012
 5710020
 5710023
 5710024
 5710025
 5710026
 80011119
 41121002
 41111015
 41111016
 41001002
 42111000
 42101001
 41111003
 41111013
 41111001
 80011041
 80011033
 80011034
 80011045
 80011064
 80001364
 80011122
 40011290
 41001012
 41001014
 41111018
 41111017
